00100000000000000000001010010011
00100000000000000000001010010011
00100000000000000000001010010011
00100000000000000000001010010011
00100000000000000000001010010011
00100000000000000000001010010011
00100000000000000000001010010011
00100000000000000000001010010011
00100000000000000000001010010011
00100000000000000000001010010011
00100000000000000000001010010011
00100000000000000000001010010011
00100000000000000000001010010011
00100000000000000000001010010011
00100000000000000000001010010011
00000000000000000000000001100011