00000000000000000000010010110011
00000000000000000000100100110011
00000000000100000000010010010011
00000001000000000000100100010011
00000001001001001001010010110011
00000000101100000000101010010011
00000001010101001010000000100011
00000000000001001010100100000011
00000000010001001000010010010011
00000000000100000000100110010011
00000001001110010111100100110011
00000001001000000000100001100011
00000000001100000000101000010011
00000001010001001010000000100011
00000000000000000000000001100011
00000000001000000000101000010011
00000001010001001010000000100011
00000000000000000000000001100011